{
    "id": "mask_scl_dilation",
    "summary": "Mask clouds by dilating Sen2Cor sceneclassification",
    "description": "[Deprecated: consider using to_scl_dilation_mask] Mask clouds by dilating Sen2Cor sceneclassification. This dilation algorithm removes pixels in the neighbourhood of clouds in a fairly aggressive manner, to avoid any type of contamination. Nevertheless, some outliers can sometimes still remain.",
    "categories": [
        "cubes",
        "ard"
    ],
    "experimental": true,
    "deprecated": true,
    "parameters": [
        {
            "name": "data",
            "description": "The source data cube containing Sentinel-2 input.",
            "schema": {
                "subtype": "datacube",
                "type": "object"
            }
        },
      {
        "name": "scl_band_name",
        "description": "The name of the band containing the Sen2Cor sceneclassification.",
        "optional": true,
        "default": null,
        "schema": [
          {
            "type": "string"
          },
          {
            "type": "null"
          }
        ]
      }
    ],
    "returns": {
        "description": "Masked data cube",
        "schema": {
            "subtype": "datacube",
            "type": "object"
        }
    },

    "process_graph":{
      "filterbands1": {
        "process_id": "filter_bands",
        "arguments": {
           "data": {
             "from_parameter": "data"
           },
          "bands": [
            {
              "from_parameter": "scl_band_name"
            }
          ]
        }
      },
      "reducedimension1": {
        "process_id": "reduce_dimension",
        "arguments": {
          "data": {
            "from_node": "filterbands1"
          },
          "dimension": "bands",
          "reducer": {
            "process_graph": {
              "arrayelement1": {
                "process_id": "array_element",
                "arguments": {
                  "data": {
                    "from_parameter": "data"
                  },
                  "index": 0
                }
              },
              "eq1": {
                "process_id": "eq",
                "arguments": {
                  "x": {
                    "from_node": "arrayelement1"
                  },
                  "y": 2
                }
              },
              "eq2": {
                "process_id": "eq",
                "arguments": {
                  "x": {
                    "from_node": "arrayelement1"
                  },
                  "y": 4
                }
              },
              "or1": {
                "process_id": "or",
                "arguments": {
                  "x": {
                    "from_node": "eq1"
                  },
                  "y": {
                    "from_node": "eq2"
                  }
                }
              },
              "eq3": {
                "process_id": "eq",
                "arguments": {
                  "x": {
                    "from_node": "arrayelement1"
                  },
                  "y": 5
                }
              },
              "or2": {
                "process_id": "or",
                "arguments": {
                  "x": {
                    "from_node": "or1"
                  },
                  "y": {
                    "from_node": "eq3"
                  }
                }
              },
              "eq4": {
                "process_id": "eq",
                "arguments": {
                  "x": {
                    "from_node": "arrayelement1"
                  },
                  "y": 6
                }
              },
              "or3": {
                "process_id": "or",
                "arguments": {
                  "x": {
                    "from_node": "or2"
                  },
                  "y": {
                    "from_node": "eq4"
                  }
                }
              },
              "eq5": {
                "process_id": "eq",
                "arguments": {
                  "x": {
                    "from_node": "arrayelement1"
                  },
                  "y": 7
                }
              },
              "or4": {
                "process_id": "or",
                "arguments": {
                  "x": {
                    "from_node": "or3"
                  },
                  "y": {
                    "from_node": "eq5"
                  }
                }
              },
              "not1": {
                "process_id": "not",
                "arguments": {
                  "x": {
                    "from_node": "or4"
                  }
                },
                "result": true
              }
            }
          }
        }
      },
      "applykernel1": {
        "process_id": "apply_kernel",
        "arguments": {
          "border": 0,
          "data": {
            "from_node": "reducedimension1"
          },
          "factor": 1.0,
          "kernel": [
            [
              6.872607261923617e-06,
              1.7492979057400437e-05,
              3.931036344580996e-05,
              7.799223670318583e-05,
              0.00013661447741263532,
              0.000211272566600721,
              0.0002884632716289383,
              0.00034772744916723784,
              0.00037007390091435473,
              0.00034772744916723784,
              0.0002884632716289383,
              0.000211272566600721,
              0.00013661447741263532,
              7.799223670318583e-05,
              3.931036344580996e-05,
              1.7492979057400437e-05,
              6.872607261923617e-06
            ],
            [
              1.7492979057400437e-05,
              4.452521505164559e-05,
              0.00010005742191994265,
              0.0001985151357109238,
              0.00034772744916723784,
              0.0005377561152701768,
              0.0007342310970381059,
              0.0008850773446150938,
              0.0009419561967772516,
              0.0008850773446150938,
              0.0007342310970381059,
              0.0005377561152701768,
              0.00034772744916723784,
              0.0001985151357109238,
              0.00010005742191994265,
              4.452521505164559e-05,
              1.7492979057400437e-05
            ],
            [
              3.931036344580996e-05,
              0.00010005742191994265,
              0.00022484984451288814,
              0.00044610481203253546,
              0.000781415924754435,
              0.0012084498739243883,
              0.0016499700355825442,
              0.0019889529382219554,
              0.002116771552966652,
              0.0019889529382219554,
              0.0016499700355825442,
              0.0012084498739243883,
              0.000781415924754435,
              0.00044610481203253546,
              0.00022484984451288814,
              0.00010005742191994265,
              3.931036344580996e-05
            ],
            [
              7.799223670318583e-05,
              0.0001985151357109238,
              0.00044610481203253546,
              0.000885077344615094,
              0.0015503386492750101,
              0.0023975791712272233,
              0.0032735605140286252,
              0.003946106694310862,
              0.004199700372476264,
              0.003946106694310862,
              0.0032735605140286252,
              0.0023975791712272233,
              0.0015503386492750101,
              0.000885077344615094,
              0.00044610481203253546,
              0.0001985151357109238,
              7.799223670318583e-05
            ],
            [
              0.00013661447741263532,
              0.00034772744916723784,
              0.000781415924754435,
              0.0015503386492750101,
              0.002715638290889853,
              0.004199700372476263,
              0.005734106082950569,
              0.006912166218663649,
              0.0073563715560430705,
              0.006912166218663649,
              0.005734106082950569,
              0.004199700372476263,
              0.002715638290889853,
              0.0015503386492750101,
              0.000781415924754435,
              0.00034772744916723784,
              0.00013661447741263532
            ],
            [
              0.000211272566600721,
              0.0005377561152701768,
              0.0012084498739243883,
              0.0023975791712272233,
              0.004199700372476263,
              0.006494783667525125,
              0.00886772274981251,
              0.010689577894273768,
              0.011376535847071307,
              0.010689577894273768,
              0.00886772274981251,
              0.006494783667525125,
              0.004199700372476263,
              0.0023975791712272233,
              0.0012084498739243883,
              0.0005377561152701768,
              0.000211272566600721
            ],
            [
              0.0002884632716289383,
              0.0007342310970381059,
              0.0016499700355825442,
              0.0032735605140286252,
              0.005734106082950569,
              0.00886772274981251,
              0.012107640653334839,
              0.01459513017391471,
              0.015533075604899122,
              0.01459513017391471,
              0.012107640653334839,
              0.00886772274981251,
              0.005734106082950569,
              0.0032735605140286252,
              0.0016499700355825442,
              0.0007342310970381059,
              0.0002884632716289383
            ],
            [
              0.00034772744916723784,
              0.0008850773446150938,
              0.0019889529382219554,
              0.003946106694310862,
              0.006912166218663649,
              0.010689577894273768,
              0.01459513017391471,
              0.01759366922859935,
              0.0187243135922042,
              0.01759366922859935,
              0.01459513017391471,
              0.010689577894273768,
              0.006912166218663649,
              0.003946106694310862,
              0.0019889529382219554,
              0.0008850773446150938,
              0.00034772744916723784
            ],
            [
              0.00037007390091435473,
              0.0009419561967772516,
              0.002116771552966652,
              0.004199700372476264,
              0.0073563715560430705,
              0.011376535847071307,
              0.015533075604899122,
              0.0187243135922042,
              0.019927617993936483,
              0.0187243135922042,
              0.015533075604899122,
              0.011376535847071307,
              0.0073563715560430705,
              0.004199700372476264,
              0.002116771552966652,
              0.0009419561967772516,
              0.00037007390091435473
            ],
            [
              0.00034772744916723784,
              0.0008850773446150938,
              0.0019889529382219554,
              0.003946106694310862,
              0.006912166218663649,
              0.010689577894273768,
              0.01459513017391471,
              0.01759366922859935,
              0.0187243135922042,
              0.01759366922859935,
              0.01459513017391471,
              0.010689577894273768,
              0.006912166218663649,
              0.003946106694310862,
              0.0019889529382219554,
              0.0008850773446150938,
              0.00034772744916723784
            ],
            [
              0.0002884632716289383,
              0.0007342310970381059,
              0.0016499700355825442,
              0.0032735605140286252,
              0.005734106082950569,
              0.00886772274981251,
              0.012107640653334839,
              0.01459513017391471,
              0.015533075604899122,
              0.01459513017391471,
              0.012107640653334839,
              0.00886772274981251,
              0.005734106082950569,
              0.0032735605140286252,
              0.0016499700355825442,
              0.0007342310970381059,
              0.0002884632716289383
            ],
            [
              0.000211272566600721,
              0.0005377561152701768,
              0.0012084498739243883,
              0.0023975791712272233,
              0.004199700372476263,
              0.006494783667525125,
              0.00886772274981251,
              0.010689577894273768,
              0.011376535847071307,
              0.010689577894273768,
              0.00886772274981251,
              0.006494783667525125,
              0.004199700372476263,
              0.0023975791712272233,
              0.0012084498739243883,
              0.0005377561152701768,
              0.000211272566600721
            ],
            [
              0.00013661447741263532,
              0.00034772744916723784,
              0.000781415924754435,
              0.0015503386492750101,
              0.002715638290889853,
              0.004199700372476263,
              0.005734106082950569,
              0.006912166218663649,
              0.0073563715560430705,
              0.006912166218663649,
              0.005734106082950569,
              0.004199700372476263,
              0.002715638290889853,
              0.0015503386492750101,
              0.000781415924754435,
              0.00034772744916723784,
              0.00013661447741263532
            ],
            [
              7.799223670318583e-05,
              0.0001985151357109238,
              0.00044610481203253546,
              0.000885077344615094,
              0.0015503386492750101,
              0.0023975791712272233,
              0.0032735605140286252,
              0.003946106694310862,
              0.004199700372476264,
              0.003946106694310862,
              0.0032735605140286252,
              0.0023975791712272233,
              0.0015503386492750101,
              0.000885077344615094,
              0.00044610481203253546,
              0.0001985151357109238,
              7.799223670318583e-05
            ],
            [
              3.931036344580996e-05,
              0.00010005742191994265,
              0.00022484984451288814,
              0.00044610481203253546,
              0.000781415924754435,
              0.0012084498739243883,
              0.0016499700355825442,
              0.0019889529382219554,
              0.002116771552966652,
              0.0019889529382219554,
              0.0016499700355825442,
              0.0012084498739243883,
              0.000781415924754435,
              0.00044610481203253546,
              0.00022484984451288814,
              0.00010005742191994265,
              3.931036344580996e-05
            ],
            [
              1.7492979057400437e-05,
              4.452521505164559e-05,
              0.00010005742191994265,
              0.0001985151357109238,
              0.00034772744916723784,
              0.0005377561152701768,
              0.0007342310970381059,
              0.0008850773446150938,
              0.0009419561967772516,
              0.0008850773446150938,
              0.0007342310970381059,
              0.0005377561152701768,
              0.00034772744916723784,
              0.0001985151357109238,
              0.00010005742191994265,
              4.452521505164559e-05,
              1.7492979057400437e-05
            ],
            [
              6.872607261923617e-06,
              1.7492979057400437e-05,
              3.931036344580996e-05,
              7.799223670318583e-05,
              0.00013661447741263532,
              0.000211272566600721,
              0.0002884632716289383,
              0.00034772744916723784,
              0.00037007390091435473,
              0.00034772744916723784,
              0.0002884632716289383,
              0.000211272566600721,
              0.00013661447741263532,
              7.799223670318583e-05,
              3.931036344580996e-05,
              1.7492979057400437e-05,
              6.872607261923617e-06
            ]
          ],
          "replace_invalid": 0
        }
      },
      "apply1": {
        "process_id": "apply",
        "arguments": {
          "data": {
            "from_node": "applykernel1"
          },
          "process": {
            "process_graph": {
              "gt1": {
                "process_id": "gt",
                "arguments": {
                  "x": {
                    "from_parameter": "x"
                  },
                  "y": 0.057
                },
                "result": true
              }
            }
          }
        }
      },
      "reducedimension2": {
        "process_id": "reduce_dimension",
        "arguments": {
          "data": {
            "from_node": "filterbands1"
          },
          "dimension": "bands",
          "reducer": {
            "process_graph": {
              "arrayelement2": {
                "process_id": "array_element",
                "arguments": {
                  "data": {
                    "from_parameter": "data"
                  },
                  "index": 0
                }
              },
              "eq6": {
                "process_id": "eq",
                "arguments": {
                  "x": {
                    "from_node": "arrayelement2"
                  },
                  "y": 3
                }
              },
              "eq7": {
                "process_id": "eq",
                "arguments": {
                  "x": {
                    "from_node": "arrayelement2"
                  },
                  "y": 8
                }
              },
              "or5": {
                "process_id": "or",
                "arguments": {
                  "x": {
                    "from_node": "eq6"
                  },
                  "y": {
                    "from_node": "eq7"
                  }
                }
              },
              "eq8": {
                "process_id": "eq",
                "arguments": {
                  "x": {
                    "from_node": "arrayelement2"
                  },
                  "y": 9
                }
              },
              "or6": {
                "process_id": "or",
                "arguments": {
                  "x": {
                    "from_node": "or5"
                  },
                  "y": {
                    "from_node": "eq8"
                  }
                }
              },
              "eq9": {
                "process_id": "eq",
                "arguments": {
                  "x": {
                    "from_node": "arrayelement2"
                  },
                  "y": 10
                }
              },
              "or7": {
                "process_id": "or",
                "arguments": {
                  "x": {
                    "from_node": "or6"
                  },
                  "y": {
                    "from_node": "eq9"
                  }
                }
              },
              "eq10": {
                "process_id": "eq",
                "arguments": {
                  "x": {
                    "from_node": "arrayelement2"
                  },
                  "y": 11
                }
              },
              "or8": {
                "process_id": "or",
                "arguments": {
                  "x": {
                    "from_node": "or7"
                  },
                  "y": {
                    "from_node": "eq10"
                  }
                },
                "result": true
              }
            }
          }
        }
      },
      "applykernel2": {
        "process_id": "apply_kernel",
        "arguments": {
          "border": 0,
          "data": {
            "from_node": "reducedimension2"
          },
          "factor": 1.0,
          "kernel": [
            [
              1.9240785667560563e-08,
              2.1024605688448892e-08,
              2.2953342210018216e-08,
              2.5036696124511825e-08,
              2.7284821654195476e-08,
              2.970832969963869e-08,
              3.231828936675165e-08,
              3.512622750060166e-08,
              3.814412605164715e-08,
              4.138441709872621e-08,
              4.4859975353025586e-08,
              4.85841079684406e-08,
              5.257054148631848e-08,
              5.683340574665413e-08,
              6.138721460347203e-08,
              6.624684328946431e-08,
              7.142750228404095e-08,
              7.69447075498509e-08,
              8.281424701560523e-08,
              8.905214319772361e-08,
              9.567461186995482e-08,
              1.0269801670870804e-07,
              1.1013881986237013e-07,
              1.180135284153471e-07,
              1.2633863674191953e-07,
              1.351305647711742e-07,
              1.44405592212186e-07,
              1.5417978881816751e-07,
              1.6446894079934937e-07,
              1.7528847352675266e-07,
              1.866533707025858e-07,
              1.9857809020755145e-07,
              2.1107647687065554e-07,
              2.2416167244293764e-07,
              2.378460230926166e-07,
              2.5214098477519995e-07,
              2.670570268678228e-07,
              2.826035344921642e-07,
              2.987887099843936e-07,
              3.156194740033942e-07,
              3.3310136679964454e-07,
              3.5123845019625447e-07,
              3.7003321086040276e-07,
              3.894864654674403e-07,
              4.0959726838087123e-07,
              4.303628224889505e-07,
              4.517783938524205e-07,
              4.7383723082763523e-07,
              4.965304883346967e-07,
              5.198471579409927e-07,
              5.437740044264335e-07,
              5.682955094875411e-07,
              5.933938232231608e-07,
              6.190487240248422e-07,
              6.452375874697512e-07,
              6.719353647833146e-07,
              6.991145714026495e-07,
              7.267452861302724e-07,
              7.54795161320683e-07,
              7.832294444903971e-07,
              8.120110116850101e-07,
              8.411004128752333e-07,
              8.704559295878346e-07,
              9.000336449074435e-07,
              9.297875259116344e-07,
              9.59669518525095e-07,
              9.896296546994813e-07,
              1.0196161717443682e-06,
              1.049575643552077e-06,
              1.079453123375744e-06,
              1.1091922977364429e-06,
              1.1387356509521463e-06,
              1.1680246396995243e-06,
              1.1969998769396995e-06,
              1.225601324461851e-06,
              1.2537684932246284e-06,
              1.2814406506054494e-06,
              1.3085570336025288e-06,
              1.3350570669745875e-06,
              1.3608805852492316e-06,
              1.3859680574835336e-06,
              1.4102608136199075e-06,
              1.4337012712474588e-06,
              1.4562331615539585e-06,
              1.4778017532368626e-06,
              1.498354073133591e-06,
              1.5178391223318609e-06,
              1.5362080865303387e-06,
              1.553414539438296e-06,
              1.5694146380303457e-06,
              1.584167308508523e-06,
              1.5976344218688622e-06,
              1.6097809580228796e-06,
              1.6205751574856993e-06,
              1.6299886597115317e-06,
              1.6379966272333465e-06,
              1.6445778548463115e-06,
              1.649714863163296e-06,
              1.6533939759647603e-06,
              1.6556053808639816e-06,
              1.656343172910983e-06,
              1.6556053808639816e-06,
              1.6533939759647603e-06,
              1.649714863163296e-06,
              1.6445778548463115e-06,
              1.6379966272333465e-06,
              1.6299886597115317e-06,
              1.6205751574856993e-06,
              1.6097809580228796e-06,
              1.5976344218688622e-06,
              1.584167308508523e-06,
              1.5694146380303457e-06,
              1.553414539438296e-06,
              1.5362080865303387e-06,
              1.5178391223318609e-06,
              1.498354073133591e-06,
              1.4778017532368626e-06,
              1.4562331615539585e-06,
              1.4337012712474588e-06,
              1.4102608136199075e-06,
              1.3859680574835336e-06,
              1.3608805852492316e-06,
              1.3350570669745875e-06,
              1.3085570336025288e-06,
              1.2814406506054494e-06,
              1.2537684932246284e-06,
              1.225601324461851e-06,
              1.1969998769396995e-06,
              1.1680246396995243e-06,
              1.1387356509521463e-06,
              1.1091922977364429e-06,
              1.079453123375744e-06,
              1.049575643552077e-06,
              1.0196161717443682e-06,
              9.896296546994813e-07,
              9.59669518525095e-07,
              9.297875259116344e-07,
              9.000336449074435e-07,
              8.704559295878346e-07,
              8.411004128752333e-07,
              8.120110116850101e-07,
              7.832294444903971e-07,
              7.54795161320683e-07,
              7.267452861302724e-07,
              6.991145714026495e-07,
              6.719353647833146e-07,
              6.452375874697512e-07,
              6.190487240248422e-07,
              5.933938232231608e-07,
              5.682955094875411e-07,
              5.437740044264335e-07,
              5.198471579409927e-07,
              4.965304883346967e-07,
              4.7383723082763523e-07,
              4.517783938524205e-07,
              4.303628224889505e-07,
              4.0959726838087123e-07,
              3.894864654674403e-07,
              3.7003321086040276e-07,
              3.5123845019625447e-07,
              3.3310136679964454e-07,
              3.156194740033942e-07,
              2.987887099843936e-07,
              2.826035344921642e-07,
              2.670570268678228e-07,
              2.5214098477519995e-07,
              2.378460230926166e-07,
              2.2416167244293764e-07,
              2.1107647687065554e-07,
              1.9857809020755145e-07,
              1.866533707025858e-07,
              1.7528847352675266e-07,
              1.6446894079934937e-07,
              1.5417978881816751e-07,
              1.44405592212186e-07,
              1.351305647711742e-07,
              1.2633863674191953e-07,
              1.180135284153471e-07,
              1.1013881986237013e-07,
              1.0269801670870804e-07,
              9.567461186995482e-08,
              8.905214319772361e-08,
              8.281424701560523e-08,
              7.69447075498509e-08,
              7.142750228404095e-08,
              6.624684328946431e-08,
              6.138721460347203e-08,
              5.683340574665413e-08,
              5.257054148631848e-08,
              4.85841079684406e-08,
              4.4859975353025586e-08,
              4.138441709872621e-08,
              3.814412605164715e-08,
              3.512622750060166e-08,
              3.231828936675165e-08,
              2.970832969963869e-08,
              2.7284821654195476e-08,
              2.5036696124511825e-08,
              2.2953342210018216e-08,
              2.1024605688448892e-08,
              1.9240785667560563e-08
            ],
            [
              2.1024605688448892e-08,
              2.297380429220283e-08,
              2.508135465649348e-08,
              2.7357857046703193e-08,
              2.9814407086622995e-08,
              3.246259941715411e-08,
              3.531452936491713e-08,
              3.838279243284831e-08,
              4.168048142225624e-08,
              4.522118099438996e-08,
              4.9018959479448184e-08,
              5.3088357742254135e-08,
              5.744437491664143e-08,
              6.21024508250511e-08,
              6.707844490602989e-08,
              7.238861148033571e-08,
              7.80495711962858e-08,
              8.407827850689504e-08,
              9.049198504530999e-08,
              9.73081987810949e-08,
              1.0454463885809825e-07,
              1.1221918603493669e-07,
              1.203498286715763e-07,
              1.2895460423003652e-07,
              1.380515362838511e-07,
              1.476585670595199e-07,
              1.5779348556368404e-07,
              1.684738513820405e-07,
              1.7971691426993442e-07,
              1.9153952968997111e-07,
              2.0395807048867188e-07,
              2.1698833494195522e-07,
              2.3064545143780402e-07,
              2.4494378010362863e-07,
              2.5989681172525504e-07,
              2.7551706434386373e-07,
              2.91815977956234e-07,
              3.088038077819837e-07,
              3.264895165987595e-07,
              3.44880666682169e-07,
              3.639833119212652e-07,
              3.8380189071221046e-07,
              4.0433912026197375e-07,
              4.2559589296016587e-07,
              4.475711754999979e-07,
              4.7026191144850916e-07,
              4.936629279812649e-07,
              5.17766847507357e-07,
              5.425640049164125e-07,
              5.680423711801517e-07,
              5.941874840365658e-07,
              6.209823864747912e-07,
              6.484075737230459e-07,
              6.764409494204328e-07,
              7.050577916259027e-07,
              7.342307292841626e-07,
              7.63929729728818e-07,
              7.9412209775762e-07,
              8.247724867634531e-07,
              8.5584292234784e-07,
              8.872928387814787e-07,
              9.190791286089606e-07,
              9.511562056226958e-07,
              9.83476081354611e-07,
              1.0159884551538174e-06,
              1.0486408178347437e-06,
              1.0813785687936715e-06,
              1.1141451464029024e-06,
              1.1468821714014837e-06,
              1.1795296029102836e-06,
              1.2120259066078964e-06,
              1.2443082345131418e-06,
              1.276312615730549e-06,
              1.3079741574279356e-06,
              1.3392272552307937e-06,
              1.3700058121374291e-06,
              1.4002434649824145e-06,
              1.4298738174046518e-06,
              1.458830678210893e-06,
              1.4870483039665922e-06,
              1.5144616445941208e-06,
              1.5410065907141753e-06,
              1.566620221430251e-06,
              1.5912410512287049e-06,
              1.6148092746486434e-06,
              1.6372670073669123e-06,
              1.6585585223440965e-06,
              1.6786304796877798e-06,
              1.6974321489094574e-06,
              1.7149156222814053e-06,
              1.7310360180393722e-06,
              1.7457516722259963e-06,
              1.759024318028047e-06,
              1.7708192515276114e-06,
              1.781105482862704e-06,
              1.7898558718759715e-06,
              1.7970472474205685e-06,
              1.8026605095892217e-06,
              1.8066807142352578e-06,
              1.8090971392621225e-06,
              1.809903332269845e-06,
              1.8090971392621225e-06,
              1.8066807142352578e-06,
              1.8026605095892217e-06,
              1.7970472474205685e-06,
              1.7898558718759715e-06,
              1.781105482862704e-06,
              1.7708192515276114e-06,
              1.759024318028047e-06,
              1.7457516722259963e-06,
              1.7310360180393722e-06,
              1.7149156222814053e-06,
              1.6974321489094574e-06,
              1.6786304796877798e-06,
              1.6585585223440965e-06,
              1.6372670073669123e-06,
              1.6148092746486434e-06,
              1.5912410512287049e-06,
              1.566620221430251e-06,
              1.5410065907141753e-06,
              1.5144616445941208e-06,
              1.4870483039665922e-06,
              1.458830678210893e-06,
              1.4298738174046518e-06,
              1.4002434649824145e-06,
              1.3700058121374291e-06,
              1.3392272552307937e-06,
              1.3079741574279356e-06,
              1.276312615730549e-06,
              1.2443082345131418e-06,
              1.2120259066078964e-06,
              1.1795296029102836e-06,
              1.1468821714014837e-06,
              1.1141451464029024e-06,
              1.0813785687936715e-06,
              1.0486408178347437e-06,
              1.0159884551538174e-06,
              9.83476081354611e-07,
              9.511562056226958e-07,
              9.190791286089606e-07,
              8.872928387814787e-07,
              8.5584292234784e-07,
              8.247724867634531e-07,
              7.9412209775762e-07,
              7.63929729728818e-07,
              7.342307292841626e-07,
              7.050577916259027e-07,
              6.764409494204328e-07,
              6.484075737230459e-07,
              6.209823864747912e-07,
              5.941874840365658e-07,
              5.680423711801517e-07,
              5.425640049164125e-07,
              5.17766847507357e-07,
              4.936629279812649e-07,
              4.7026191144850916e-07,
              4.475711754999979e-07,
              4.2559589296016587e-07,
              4.0433912026197375e-07,
              3.8380189071221046e-07,
              3.639833119212652e-07,
              3.44880666682169e-07,
              3.264895165987595e-07,
              3.088038077819837e-07,
              2.91815977956234e-07,
              2.7551706434386373e-07,
              2.5989681172525504e-07,
              2.4494378010362863e-07,
              2.3064545143780402e-07,
              2.1698833494195522e-07,
              2.0395807048867188e-07,
              1.9153952968997111e-07,
              1.7971691426993442e-07,
              1.684738513820405e-07,
              1.5779348556368404e-07,
              1.476585670595199e-07,
              1.380515362838511e-07,
              1.2895460423003652e-07,
              1.203498286715763e-07,
              1.1221918603493669e-07,
              1.0454463885809825e-07,
              9.73081987810949e-08,
              9.049198504530999e-08,
              8.407827850689504e-08,
              7.80495711962858e-08,
              7.238861148033571e-08,
              6.707844490602989e-08,
              6.21024508250511e-08,
              5.744437491664143e-08,
              5.3088357742254135e-08,
              4.9018959479448184e-08,
              4.522118099438996e-08,
              4.168048142225624e-08,
              3.838279243284831e-08,
              3.531452936491713e-08,
              3.246259941715411e-08,
              2.9814407086622995e-08,
              2.7357857046703193e-08,
              2.508135465649348e-08,
              2.297380429220283e-08,
              2.1024605688448892e-08
            ],
            [
              2.2953342210018216e-08,
              2.508135465649348e-08,
              2.7382245596055287e-08,
              2.9867587731775656e-08,
              3.254949456788302e-08,
              3.54406244041026e-08,
              3.85541821573388e-08,
              4.190391880554038e-08,
              4.550412824574291e-08,
              4.936964135673083e-08,
              5.351581705662892e-08,
              5.795853014714633e-08,
              6.271415573927626e-08,
              6.779955006011772e-08,
              7.323202744724332e-08,
              7.9029333345789e-08,
              8.520961313428075e-08,
              9.179137661821992e-08,
              9.879345804568524e-08,
              1.0623497151673482e-07,
              1.1413526167822904e-07,
              1.2251384961786796e-07,
              1.3139037389573765e-07,
              1.407845266784579e-07,
              1.507159849700733e-07,
              1.612043369650529e-07,
              1.7226900358206035e-07,
              1.839291552724012e-07,
              1.9620362423408874e-07,
              2.0911081220112073e-07,
              2.226685940176073e-07,
              2.3689421724761012e-07,
              2.5180419811367357e-07,
              2.674142140997664e-07,
              2.8373899359739023e-07,
              3.0079220301662046e-07,
              3.185863318264559e-07,
              3.3713257603070354e-07,
              3.564407206263104e-07,
              3.7651902163017804e-07,
              3.973740882976329e-07,
              4.1901076619046496e-07,
              4.414320217843526e-07,
              4.6463882933414835e-07,
              4.886300607404871e-07,
              5.134023791820876e-07,
              5.389501372945615e-07,
              5.652652806881473e-07,
              5.923372576031985e-07,
              6.201529355031693e-07,
              6.4869652539996e-07,
              6.779495146955711e-07,
              7.078906093068661e-07,
              7.384956858167028e-07,
              7.697377543646578e-07,
              8.015869329539837e-07,
              8.340104338083272e-07,
              8.669725623621415e-07,
              9.004347294127983e-07,
              9.343554769003282e-07,
              9.686905177127413e-07,
              1.0033927898413388e-06,
              1.0384125251316845e-06,
              1.0736973327924288e-06,
              1.109192297736443e-06,
              1.1448400937373306e-06,
              1.1805811112898961e-06,
              1.2163535999662952e-06,
              1.2520938249610117e-06,
              1.2877362374183039e-06,
              1.3232136580360795e-06,
              1.358457473341126e-06,
              1.3933978439330286e-06,
              1.427963923898854e-06,
              1.4620840905085086e-06,
              1.495686183212519e-06,
              1.528697750880587e-06,
              1.5610463061414698e-06,
              1.5926595856132782e-06,
              1.6234658147489161e-06,
              1.653393975964761e-06,
              1.682374078672459e-06,
              1.7103374297944317e-06,
              1.7372169033138334e-06,
              1.762947207389749e-06,
              1.7874651475586224e-06,
              1.8107098845436085e-06,
              1.8326231852048225e-06,
              1.8531496651854597e-06,
              1.8722370218414057e-06,
              1.8898362560851585e-06,
              1.9059018818284012e-06,
              1.9203921217711273e-06,
              1.9332690883583604e-06,
              1.9444989488078007e-06,
              1.9540520732025507e-06,
              1.9619031647417644e-06,
              1.968031371347914e-06,
              1.9724203779415297e-06,
              1.975058478811928e-06,
              1.9759386296346257e-06,
              1.975058478811928e-06,
              1.9724203779415297e-06,
              1.968031371347914e-06,
              1.9619031647417644e-06,
              1.9540520732025507e-06,
              1.9444989488078007e-06,
              1.9332690883583604e-06,
              1.9203921217711273e-06,
              1.9059018818284012e-06,
              1.8898362560851585e-06,
              1.8722370218414057e-06,
              1.8531496651854597e-06,
              1.8326231852048225e-06,
              1.8107098845436085e-06,
              1.7874651475586224e-06,
              1.762947207389749e-06,
              1.7372169033138334e-06,
              1.7103374297944317e-06,
              1.682374078672459e-06,
              1.653393975964761e-06,
              1.6234658147489161e-06,
              1.5926595856132782e-06,
              1.5610463061414698e-06,
              1.528697750880587e-06,
              1.495686183212519e-06,
              1.4620840905085086e-06,
              1.427963923898854e-06,
              1.3933978439330286e-06,
              1.358457473341126e-06,
              1.3232136580360795e-06,
              1.2877362374183039e-06,
